행정구역코드	1단계	2단계	3단계	격자 X	격자 Y	경도(시)	경도(분)	경도(초)	위도(시)	위도(분)	위도(초)	경도(초/100)	위도(초/100)
4100000000	경기도	nil	nil	60	120	127	0	42.08	37	16	18.64	127.01168888888888	37.27184444444444
4111100000	경기도	수원시장안구	nil	60	121	127	0	44.0	37	18	3.64	127.01222222222222	37.30101111111111
4111156000	경기도	수원시장안구	파장동	60	121	126	59	48.79	37	18	20.1	126.99688611111111	37.30558333333333
4111156600	경기도	수원시장안구	율천동	60	121	126	58	24.88	37	17	41.17	126.97357777777778	37.29476944444444
4111157100	경기도	수원시장안구	정자1동	60	121	126	59	36.15	37	17	57.79	126.993375	37.29938611111111
4111157200	경기도	수원시장안구	정자2동	60	121	127	0	9.44	37	17	32.23	127.00262222222223	37.29228611111111
4111157300	경기도	수원시장안구	정자3동	60	121	126	59	51.59	37	17	37.6	126.9976638888889	37.29377777777778
4111158000	경기도	수원시장안구	영화동	61	121	127	0	58.08	37	17	25.14	127.01613333333333	37.29031666666666
4111159100	경기도	수원시장안구	송죽동	60	121	127	0	33.03	37	17	51.6	127.009175	37.297666666666665
4111159700	경기도	수원시장안구	조원1동	61	121	127	1	6.59	37	17	56.35	127.01849722222222	37.29898611111111
4111159800	경기도	수원시장안구	조원2동	60	121	127	0	42.55	37	18	10.04	127.01181944444444	37.302788888888884
4111160000	경기도	수원시장안구	연무동	61	121	127	1	25.2	37	17	15.79	127.02366666666667	37.28771944444444
4111300000	경기도	수원시권선구	nil	60	120	126	58	26.67	37	15	17.04	126.974075	37.254733333333334
4111352000	경기도	수원시권선구	세류1동	60	120	127	0	36.2	37	15	33.69	127.01005555555555	37.25935833333333
4111353000	경기도	수원시권선구	세류2동	61	120	127	0	54.47	37	15	1.86	127.01513055555556	37.25051666666667
4111354000	경기도	수원시권선구	세류3동	61	120	127	0	50.52	37	15	22.39	127.01403333333333	37.25621944444445
4111355000	경기도	수원시권선구	평동	60	120	126	59	46.08	37	15	18.6	126.99613333333333	37.25516666666667
4111356000	경기도	수원시권선구	서둔동	60	120	126	59	17.15	37	16	11.01	126.98809722222222	37.269725
4111365000	경기도	수원시권선구	구운동	60	120	126	58	24.88	37	16	27.64	126.97357777777778	37.274344444444445
4111366200	경기도	수원시 권선구	금곡동	59	120	126	57	7.85	37	16	21.86	126.9521816	37.2727402
4111366400	경기도	수원시 권선구	호매실동	60	120	126	57	25.52	37	15	58.41	126.9570883	37.2662253
4111367000	경기도	수원시권선구	권선1동	61	120	127	2	13.11	37	15	13.6	127.036975	37.25377777777778
4111368000	경기도	수원시권선구	권선2동	61	120	127	1	54.4	37	14	54.57	127.03177777777778	37.248491666666666
4111369000	경기도	수원시권선구	곡선동	61	120	127	2	7.52	37	14	25.39	127.03542222222222	37.240386111111114
4111370000	경기도	수원시권선구	입북동	60	121	126	57	42.23	37	17	25.52	126.96173055555556	37.29042222222222
4111500000	경기도	수원시팔달구	nil	61	121	127	2	16.2	37	16	59.17	127.03783333333332	37.28310277777778
4111565000	경기도	수원시팔달구	매교동	61	120	127	0	58.59	37	15	56.44	127.016275	37.265677777777775
4111566000	경기도	수원시팔달구	매산동	60	120	127	0	28.0	37	15	57.2	127.00777777777778	37.26588888888889
4111567000	경기도	수원시팔달구	고등동	60	120	127	0	11.59	37	16	13.73	127.00321944444444	37.27048055555556
4111568000	경기도	수원시팔달구	화서1동	60	120	126	59	48.79	37	16	25.86	126.99688611111111	37.273849999999996
4111569000	경기도	수원시팔달구	화서2동	60	121	126	59	46.88	37	16	49.85	126.99635555555555	37.28051388888889
4111570000	경기도	수원시팔달구	지동	61	120	127	1	49.88	37	16	45.16	127.03052222222222	37.27921111111111
4111571000	경기도	수원시팔달구	우만1동	61	121	127	1	53.23	37	16	57.14	127.03145277777777	37.28253888888889
4111572000	경기도	수원시팔달구	우만2동	61	120	127	2	30.67	37	16	30.42	127.04185277777778	37.27511666666667
4111573000	경기도	수원시팔달구	인계동	61	120	127	1	24.2	37	16	3.2	127.02338888888889	37.26755555555555
4111574000	경기도	수원시팔달구	행궁동	61	121	127	0	53.11	37	16	52.51	127.01475277777777	37.28125277777778
4111700000	경기도	수원시영통구	nil	61	120	127	2	55.08	37	15	22.72	127.04863333333333	37.25631111111111
4111751000	경기도	수원시영통구	매탄1동	61	120	127	2	33.23	37	16	3.47	127.04256388888889	37.267630555555556
4111752000	경기도	수원시영통구	매탄2동	61	120	127	2	58.2	37	16	2.1	127.0495	37.26725
4111753000	경기도	수원시영통구	매탄3동	61	120	127	2	42.55	37	15	13.57	127.04515277777777	37.253769444444444
4111754000	경기도	수원시영통구	매탄4동	61	120	127	3	2.84	37	15	44.17	127.05078888888889	37.26226944444444
4111755000	경기도	수원시영통구	원천동	61	120	127	3	34.32	37	16	15.07	127.05953333333333	37.270852777777776
4111757000	경기도	수원시영통구	영통1동	62	120	127	4	57.52	37	15	48.44	127.08264444444444	37.26345555555555
4111758000	경기도	수원시영통구	영통2동	61	120	127	3	30.32	37	14	38.6	127.05842222222222	37.244055555555555
4111758500	경기도	수원시영통구	영통3동	62	120	127	4	36.8652	37	15	9.9864	127.076907	37.252774
4111759300	경기도	수원시영통구	망포1동	61	120	127	3	32.01012	37	14	16.14876	127.0588917	37.2378191
4111759600	경기도	수원시영통구	망포2동	61	120	127	2	57.6182399	37	14	19.370760	127.0493384	37.2387141
4111760000	경기도	수원시영통구	광교1동	61	121	127	2	51.47	37	17	24.83	127.0476306	37.29023056
4111761000	경기도	수원시영통구	광교2동	62	121	127	4	12.46	37	17	31.94	127.0701278	37.29220556
4113100000	경기도	성남시수정구	nil	63	124	127	8	51.79	37	26	50.97	127.14771944444445	37.447491666666664
4113151000	경기도	성남시수정구	신흥1동	63	124	127	8	35.79	37	26	24.86	127.143275	37.440238888888885
4113152000	경기도	성남시수정구	신흥2동	63	124	127	8	52.4	37	26	45.07	127.1478888888889	37.44585277777777
4113153000	경기도	성남시수정구	신흥3동	63	124	127	9	3.91	37	26	26.64	127.15108611111111	37.44073333333333
4113154000	경기도	성남시수정구	태평1동	62	124	127	7	42.0	37	26	16.29	127.12833333333333	37.43785833333333
4113155000	경기도	성남시수정구	태평2동	63	124	127	8	26.88	37	26	41.52	127.14080000000001	37.44486666666666
4113156000	경기도	성남시수정구	태평3동	63	124	127	8	6.08	37	26	33.42	127.13502222222223	37.442616666666666
4113156100	경기도	성남시수정구	태평4동	63	124	127	8	36.47	37	26	42.5	127.1434638888889	37.445138888888884
4113157000	경기도	성남시수정구	수진1동	63	124	127	8	28.0	37	26	8.6	127.14111111111112	37.43572222222222
4113158000	경기도	성남시수정구	수진2동	62	124	127	7	50.71	37	26	4.5	127.13075277777777	37.43458333333333
4113159000	경기도	성남시수정구	단대동	63	124	127	9	26.71	37	26	48.0	127.15741944444446	37.446666666666665
4113160000	경기도	성남시수정구	산성동	63	124	127	9	8.11	37	26	58.1	127.15225277777779	37.44947222222222
4113161000	경기도	성남시수정구	양지동	63	124	127	9	47.2	37	27	7.6	127.16311111111112	37.452111111111115
4113162000	경기도	성남시수정구	복정동	62	124	127	7	45.44	37	27	45.8	127.12928888888888	37.462722222222226
4113162500	경기도	성남시수정구	위례동	63	125	127	8	58.76	37	28	5.65	127.1496548	37.4682355
4113163000	경기도	성남시수정구	신촌동	62	124	127	6	23.47	37	27	6.79	127.10651944444444	37.451886111111115
4113164000	경기도	성남시수정구	고등동	62	124	127	6	13.11	37	25	20.04	127.10364166666666	37.42223333333333
4113165000	경기도	성남시수정구	시흥동	62	124	127	6	36.84	37	25	9.17	127.11023333333333	37.41921388888888
4113300000	경기도	성남시중원구	nil	63	124	127	8	21.91	37	25	39.61	127.13941944444446	37.42766944444444
4113351000	경기도	성남시중원구	성남동	63	124	127	8	0.71	37	25	44.67	127.13353055555557	37.429075
4113352500	경기도	성남시중원구	중앙동	63	124	127	9	26.9	37	26	38.31	127.1574717	37.4439752
4113353000	경기도	성남시중원구	금광1동	63	124	127	9	52.32	37	26	32.05	127.16453333333334	37.44223611111111
4113354000	경기도	성남시중원구	금광2동	63	124	127	9	58.08	37	26	36.5	127.16613333333333	37.44347222222222
4113355000	경기도	성남시중원구	은행1동	63	124	127	10	15.59	37	26	57.29	127.17099722222223	37.44924722222222
4113356000	경기도	성남시중원구	은행2동	63	124	127	10	7.64	37	27	15.48	127.1687888888889	37.4543
4113357000	경기도	성남시중원구	상대원1동	63	124	127	9	59.11	37	25	49.64	127.16641944444444	37.430455555555554
4113358000	경기도	성남시중원구	상대원2동	63	124	127	9	37.44	37	26	9.97	127.16040000000001	37.436102777777776
4113359000	경기도	성남시중원구	상대원3동	63	124	127	10	3.0	37	26	12.89	127.1675	37.43691388888889
4113366000	경기도	성남시중원구	하대원동	63	124	127	8	54.47	37	25	31.73	127.1484638888889	37.42548055555555
4113367000	경기도	성남시중원구	도촌동	63	123	127	9	13.11	37	24	58.29	127.15364166666667	37.41619166666666
4113500000	경기도	성남시분당구	nil	62	123	127	7	15.67	37	22	47.89	127.12101944444444	37.37996944444445
4113551000	경기도	성남시분당구	분당동	63	122	127	7	59.52	37	22	2.22	127.13319999999999	37.36728333333333
4113552000	경기도	성남시분당구	수내1동	62	123	127	7	12.47	37	22	21.3	127.12013055555555	37.37258333333333
4113553000	경기도	성남시분당구	수내2동	62	122	127	7	22.59	37	22	10.39	127.12294166666666	37.36955277777778
4113554000	경기도	성남시분당구	수내3동	62	122	127	7	41.79	37	21	50.39	127.12827499999999	37.363997222222224
4113554500	경기도	성남시분당구	정자동	62	122	127	6	41.56	37	21	41.22	127.111544444444	37.36145
4113555000	경기도	성남시분당구	정자1동	62	122	127	6	48.91	37	21	31.17	127.1135861111111	37.35865833333334
4113556000	경기도	성남시분당구	정자2동	62	122	127	7	2.32	37	21	47.29	127.1173111111111	37.36313611111111
4113557000	경기도	성남시분당구	정자3동	62	122	127	7	17.88	37	21	28.67	127.12163333333332	37.35796388888889
4113558000	경기도	성남시분당구	서현1동	62	123	127	7	40.4	37	22	47.39	127.12788888888888	37.37983055555556
4113559000	경기도	성남시분당구	서현2동	63	123	127	8	12.0	37	22	23.5	127.13666666666667	37.373194444444444
4113560000	경기도	성남시분당구	이매1동	62	123	127	7	45.28	37	23	48.26	127.12924444444444	37.39673888888889
4113561000	경기도	성남시분당구	이매2동	62	123	127	7	26.35	37	23	48.32	127.12398611111111	37.39675555555556
4113562000	경기도	성남시분당구	야탑1동	63	123	127	7	56.35	37	24	33.17	127.13231944444443	37.409213888888885
4113563000	경기도	성남시분당구	야탑2동	62	123	127	7	45.91	37	24	23.67	127.12941944444444	37.406575
4113564000	경기도	성남시분당구	야탑3동	63	123	127	8	24.08	37	24	28.79	127.14002222222223	37.40799722222222
4113565000	경기도	성남시분당구	판교동	62	123	127	6	11.52	37	22	45.29	127.1032	37.379247222222226
4113565500	경기도	성남시분당구	삼평동	62	123	0	0	0.0	0	0	0.0	127.1163879	37.4060718
4113565700	경기도	성남시분당구	백현동	62	123	0	0	0.0	0	0	0.0	127.1108405	37.3885291
4113566200	경기도	성남시분당구	금곡동	62	122	0	0	0.0	0	0	0.0	127.1070525	37.3516471
4113566500	경기도	성남시분당구	구미1동	62	122	0	0	0.0	0	0	0.0	127.111763	37.349365
4113567000	경기도	성남시분당구	구미동	62	122	127	7	22.91	37	20	12.32	127.12303055555554	37.336755555555555
4113568000	경기도	성남시분당구	운중동	62	123	127	4	49.32	37	23	31.35	127.08036666666666	37.392041666666664
4115000000	경기도	의정부시	nil	61	130	127	2	9.03	37	44	7.04	127.03584166666667	37.73528888888889
4115051000	경기도	의정부시	의정부1동	61	131	127	2	59.44	37	44	37.33	127.04984444444445	37.74370277777778
4115052000	경기도	의정부시	의정부2동	61	130	127	2	41.76	37	44	16.82	127.04493333333333	37.73800555555556
4115054500	경기도	의정부시	호원1동	61	130	127	3	2.96	37	42	33.1	127.05082222222222	37.70919444444445
4115055500	경기도	의정부시	호원2동	61	130	127	2	42.71	37	43	25.48	127.04519722222221	37.72374444444445
4115056100	경기도	의정부시	장암동	61	130	127	3	22.84	37	43	24.95	127.05634444444445	37.723597222222224
4115056700	경기도	의정부시	신곡1동	61	130	127	3	32.11	37	43	43.48	127.05891944444444	37.728744444444445
4115056800	경기도	의정부시	신곡2동	61	131	127	3	36.2	37	44	27.14	127.06005555555555	37.74087222222222
4115057300	경기도	의정부시	송산1동	62	130	127	5	20.79	37	43	41.89	127.08910833333333	37.72830277777778
4115057600	경기도	의정부시	송산2동	62	130	127	5	31.84	37	44	12.92	127.09217777777778	37.736922222222226
4115058000	경기도	의정부시	자금동	61	131	127	3	37.03	37	44	51.11	127.06028611111111	37.74753055555556
4115059500	경기도	의정부시	가능동	61	131	127	2	39.96	37	44	46.54	127.04443333333333	37.74626111111111
4115061500	경기도	의정부시	흥선동	61	131	127	1	50.239199	37	44	46.701599	127.030622	37.746306
4115062000	경기도	의정부시	녹양동	61	131	127	2	3.91	37	45	26.5	127.03441944444444	37.75736111111111
4117100000	경기도	안양시만안구	nil	59	123	126	56	4.2	37	23	1.6	126.9345	37.38377777777778
4117151000	경기도	안양시만안구	안양1동	59	123	126	55	41.28	37	23	46.82	126.92813333333334	37.39633888888889
4117152000	경기도	안양시만안구	안양2동	59	123	126	55	11.52	37	24	8.01	126.91986666666668	37.402225
4117153000	경기도	안양시만안구	안양3동	59	123	126	55	0.47	37	23	35.63	126.91679722222223	37.393230555555554
4117154000	경기도	안양시만안구	안양4동	59	123	126	55	11.59	37	23	36.91	126.91988611111111	37.39358611111111
4117155000	경기도	안양시만안구	안양5동	59	123	126	55	23.03	37	23	29.52	126.92306388888889	37.391533333333335
4117156000	경기도	안양시만안구	안양6동	59	123	126	55	57.52	37	23	13.98	126.93264444444445	37.38721666666667
4117157000	경기도	안양시만안구	안양7동	59	123	126	56	16.64	37	23	22.92	126.93795555555556	37.3897
4117158000	경기도	안양시만안구	안양8동	59	123	126	56	3.2	37	22	53.17	126.93422222222223	37.381436111111114
4117158100	경기도	안양시만안구	안양9동	59	123	126	54	38.03	37	23	19.17	126.91056388888889	37.38865833333333
4117159000	경기도	안양시만안구	석수1동	59	123	126	54	45.71	37	25	0.29	126.91269722222223	37.41674722222222
4117160000	경기도	안양시만안구	석수2동	59	123	126	54	33.96	37	24	51.41	126.90943333333334	37.41428055555556
4117161000	경기도	안양시만안구	석수3동	58	123	126	53	50.47	37	24	22.45	126.89735277777778	37.40623611111111
4117162100	경기도	안양시만안구	박달1동	59	123	126	54	40.15	37	24	3.17	126.91115277777779	37.40088055555555
4117163000	경기도	안양시만안구	박달2동	59	123	126	54	13.11	37	23	56.22	126.90364166666667	37.39895
4117300000	경기도	안양시동안구	nil	59	123	126	57	12.08	37	23	22.92	126.95335555555556	37.3897
4117351000	경기도	안양시동안구	비산1동	59	123	126	56	7.96	37	23	49.14	126.93554444444445	37.39698333333333
4117352000	경기도	안양시동안구	비산2동	59	123	126	56	36.88	37	23	39.32	126.94357777777778	37.39425555555555
4117353000	경기도	안양시동안구	비산3동	59	123	126	56	48.79	37	24	5.67	126.94688611111111	37.401575
4117354000	경기도	안양시동안구	부흥동	59	123	126	56	57.67	37	23	27.04	126.94935277777778	37.39084444444445
4117354600	경기도	안양시동안구	달안동	59	123	126	57	8.15	37	23	35.75	126.9522638888889	37.39326388888889
4117355000	경기도	안양시동안구	관양1동	60	123	126	57	59.84	37	24	7.01	126.96662222222223	37.40194722222222
4117356000	경기도	안양시동안구	관양2동	60	123	126	58	23.03	37	23	58.11	126.97306388888889	37.399475
4117356600	경기도	안양시동안구	부림동	60	123	126	57	41.64	37	23	45.33	126.96156666666667	37.395925
4117357000	경기도	안양시동안구	평촌동	60	123	126	58	32.79	37	23	11.7	126.975775	37.386583333333334
4117357600	경기도	안양시동안구	평안동	60	123	126	57	58.84	37	23	15.33	126.96634444444445	37.387591666666665
4117357800	경기도	안양시동안구	귀인동	60	123	126	58	17.52	37	22	57.7	126.97153333333334	37.382694444444446
4117358000	경기도	안양시동안구	호계1동	60	122	126	57	37.23	37	22	5.1	126.96034166666666	37.36808333333333
4117359000	경기도	안양시동안구	호계2동	59	123	126	57	16.79	37	22	42.26	126.95466388888889	37.37840555555555
4117360000	경기도	안양시동안구	호계3동	60	122	126	57	39.32	37	21	52.82	126.96092222222222	37.364672222222225
4117361000	경기도	안양시동안구	범계동	59	123	126	57	16.52	37	23	13.01	126.95458888888889	37.38694722222222
4117362000	경기도	안양시동안구	신촌동	60	123	126	57	30.55	37	22	45.04	126.95848611111111	37.37917777777778
4117363000	경기도	안양시동안구	갈산동	60	123	126	58	5.67	37	22	24.02	126.96824166666667	37.37333888888889
411900000	경기도	부천시	nil	56	125	126	45	57.6	37	30	12.93	126.766	37.5035917
4119060300	경기도	부천시	심곡동	57	125	126	47	20.71	37	29	4.52	126.7890861111111	37.48458888888889
4119060600	경기도	부천시	부천동	57	125	126	47	26.15	37	29	29.76	126.79059722222222	37.4916
4119061000	경기도	부천시	중동	56	125	126	46	13.08	37	29	6.07	126.7703	37.48501944444445
4119074200	경기도	부천시	신중동	56	125	126	45	52.71	37	30	11.7	126.76464166666666	37.50325
4119074400	경기도	부천시	상동	56	125	126	45	22.52	37	29	51.89	126.75625555555555	37.49774722222222
4119074600	경기도	부천시	대산동	56	125	126	46	52.03	37	28	46.67	126.78111944444444	37.47963055555556
4119075000	경기도	부천시	소사본동	57	125	126	47	51.882360	37	28	48.1670399	126.7977451	37.4800464
4119079500	경기도	부천시	범안동	57	125	126	48	32.67	37	28	31.23	126.80907499999999	37.475341666666665
4119080000	경기도	부천시	성곡동	57	126	126	48	18.71	37	30	50.14	126.80519722222222	37.51392777777778
4119083000	경기도	부천시	오정동	57	126	126	47	38.64	37	31	34.92	126.79406666666667	37.52636666666667
4121000000	경기도	광명시	nil	58	125	126	52	0.15	37	28	32.7	126.86670833333332	37.475750000000005
4121051000	경기도	광명시	광명1동	58	125	126	51	53.0	37	29	8.95	126.86472222222221	37.485819444444445
4121052000	경기도	광명시	광명2동	58	125	126	51	28.76	37	28	50.01	126.85798888888888	37.480558333333335
4121054000	경기도	광명시	광명3동	58	125	126	51	32.4	37	28	38.64	126.859	37.4774
4121055000	경기도	광명시	광명4동	58	125	126	51	30.32	37	28	27.45	126.85842222222222	37.474291666666666
4121056000	경기도	광명시	광명5동	58	125	126	50	57.35	37	28	33.48	126.84926388888888	37.47596666666667
4121057000	경기도	광명시	광명6동	58	125	126	51	3.84	37	28	7.85	126.85106666666667	37.46884722222222
4121058000	경기도	광명시	광명7동	58	125	126	51	20.32	37	27	59.52	126.85564444444444	37.46653333333334
4121059000	경기도	광명시	철산1동	58	125	126	52	11.84	37	29	16.88	126.86995555555555	37.48802222222222
4121060000	경기도	광명시	철산2동	58	125	126	52	7.35	37	28	54.75	126.86870833333333	37.481875
4121061000	경기도	광명시	철산3동	58	125	126	52	20.76	37	28	41.14	126.87243333333333	37.478094444444444
4121062000	경기도	광명시	철산4동	58	125	126	51	59.76	37	28	16.6	126.86659999999999	37.47127777777778
4121063100	경기도	광명시	하안1동	58	124	126	52	16.47	37	27	44.42	126.87124166666666	37.462338888888894
4121063200	경기도	광명시	하안2동	58	124	126	52	36.67	37	27	42.89	126.87685277777777	37.461913888888894
4121063300	경기도	광명시	하안3동	58	124	126	53	1.59	37	27	21.39	126.883775	37.45594166666667
4121063400	경기도	광명시	하안4동	58	124	126	52	47.52	37	27	46.54	126.87986666666666	37.46292777777778
4121064000	경기도	광명시	소하1동	58	124	126	53	15.03	37	26	44.95	126.88750833333334	37.44581944444444
4121065000	경기도	광명시	소하2동	58	124	126	52	47.35	37	26	14.8	126.87981944444444	37.43744444444444
4121066000	경기도	광명시	학온동	58	123	126	51	12.32	37	24	46.3	126.85342222222222	37.41286111111111
4122000000	경기도	평택시	nil	62	114	127	6	52.76	36	59	21.98	127.11465555555554	36.98943888888889
4122025000	경기도	평택시	팽성읍	61	114	127	3	52.08	36	57	44.54	127.06446666666666	36.96237222222223
4122025300	경기도	평택시	안중읍	59	114	126	56	1.71	36	58	58.27	126.93380833333333	36.98285277777778
4122025600	경기도	평택시	포승읍	58	114	126	53	14.84	36	58	48.17	126.88745555555556	36.980047222222225
4122025900	경기도	평택시	청북읍	59	115	126	56	9.96	37	2	13.5	126.93610000000001	37.03708333333333
4122031000	경기도	평택시	진위면	62	117	127	5	34.64	37	5	50.1	127.09295555555555	37.09725
4122032000	경기도	평택시	서탄면	61	117	127	2	14.71	37	6	19.44	127.03741944444444	37.1054
4122033000	경기도	평택시	고덕면	61	115	127	1	11.28	37	2	21.97	127.0198	37.03943611111111
4122034000	경기도	평택시	오성면	60	115	126	58	57.52	37	0	17.42	126.98264444444445	37.00483888888889
4122037000	경기도	평택시	현덕면	59	114	126	55	25.08	36	57	52.14	126.92363333333334	36.964483333333334
4122051000	경기도	평택시	중앙동	61	116	127	3	29.15	37	3	9.05	127.05809722222222	37.05251388888889
4122052000	경기도	평택시	서정동	61	116	127	3	28.52	37	3	47.98	127.05792222222222	37.06332777777777
4122053500	경기도	평택시	송탄동	62	115	127	5	18.2	37	2	23.16	127.08838888888889	37.039766666666665
4122055000	경기도	평택시	지산동	61	116	127	3	35.03	37	4	29.44	127.05973055555555	37.074844444444444
4122056000	경기도	평택시	송북동	61	116	127	3	44.52	37	4	43.51	127.06236666666666	37.07875277777778
4122057000	경기도	평택시	신장1동	61	116	127	3	19.44	37	4	47.27	127.05539999999999	37.079797222222226
4122058000	경기도	평택시	신장2동	61	116	127	3	16.4	37	4	24.92	127.05455555555555	37.07358888888889
4122059000	경기도	평택시	신평동	62	114	127	5	41.11	36	59	13.91	127.09475277777777	36.98719722222222
4122060000	경기도	평택시	원평동	62	114	127	4	57.4	36	59	11.33	127.0826111111111	36.98648055555556
4122061000	경기도	평택시	통복동	62	114	127	5	22.03	36	59	52.85	127.08945277777778	36.99801388888889
4122062000	경기도	평택시	비전1동	62	114	127	5	50.35	36	59	51.66	127.09731944444444	36.997683333333335
4122063000	경기도	평택시	비전2동	62	114	127	6	19.15	36	59	35.64	127.10531944444443	36.993233333333336
4122063500	경기도	평택시	용이동	63	114	127	7	59.0566799999908	36	59	51.7621200000127	127.1330713	36.9977117
4122064000	경기도	평택시	세교동	62	114	127	5	4.32	36	59	49.57	127.08453333333333	36.997102777777776
4125000000	경기도	동두천시	nil	61	134	127	3	45.55	37	54	3.3	127.06265277777777	37.90091666666667
4125051000	경기도	동두천시	생연1동	61	134	127	4	5.67	37	54	16.89	127.06824166666667	37.904691666666665
4125052000	경기도	동두천시	생연2동	61	134	127	3	4.0	37	53	55.82	127.05111111111111	37.89883888888889
4125053500	경기도	동두천시	중앙동	61	134	127	3	19.11	37	54	17.97	127.05530833333333	37.90499166666667
4125055000	경기도	동두천시	보산동	61	134	127	3	48.35	37	54	53.67	127.06343055555556	37.91490833333333
4125056500	경기도	동두천시	불현동	61	134	127	3	52.79	37	53	44.89	127.06466388888889	37.895802777777774
4125056600	경기도	동두천시	송내동	61	134	127	3	23.88	37	53	15.22	127.05663333333334	37.88756111111111
4125058000	경기도	동두천시	소요동	61	135	127	3	33.15	37	55	36.11	127.05920833333333	37.92669722222222
4125060000	경기도	동두천시	상패동	61	134	127	2	48.4	37	54	11.55	127.04677777777778	37.90320833333333
4127100000	경기도	안산시상록구	nil	58	121	126	50	48.55	37	17	54.67	126.84681944444444	37.298519444444445
4127151000	경기도	안산시상록구	일동	58	121	126	52	25.67	37	18	45.45	126.87379722222222	37.312625
4127151500	경기도	안산시상록구	이동	58	121	126	51	45.96	37	18	9.86	126.86276666666666	37.30273888888889
4127152500	경기도	안산시상록구	사동	58	121	126	51	3.6467999	37	17	49.318799	126.851013	37.297033
4127153200	경기도	안산시상록구	사이동	58	121	126	51	6.742799	37	17	23.139599	126.851873	37.289761
4127153700	경기도	안산시상록구	해양동	57	121	126	49	12.176399	37	17	41.11800	126.820049	37.294755
4127154000	경기도	안산시상록구	본오1동	58	121	126	51	59.71	37	17	11.07	126.8665861111111	37.286408333333334
4127155000	경기도	안산시상록구	본오2동	58	121	126	52	27.59	37	17	36.45	126.87433055555555	37.293458333333334
4127156000	경기도	안산시상록구	본오3동	58	121	126	51	57.03	37	17	54.57	126.86584166666665	37.29849166666666
4127157000	경기도	안산시상록구	부곡동	58	122	126	51	47.44	37	19	44.89	126.86317777777778	37.32913611111111
4127158000	경기도	안산시상록구	월피동	58	122	126	51	31.52	37	19	50.51	126.85875555555555	37.33069722222223
4127159000	경기도	안산시상록구	성포동	58	121	126	51	5.47	37	19	4.44	126.85151944444443	37.3179
4127160000	경기도	안산시상록구	반월동	59	121	126	54	15.59	37	18	11.48	126.90433055555556	37.30318888888888
4127161000	경기도	안산시상록구	안산동	58	122	126	52	31.52	37	21	32.04	126.87542222222221	37.3589
4127300000	경기도	안산시단원구	nil	57	121	126	48	51.91	37	19	0.22	126.81441944444444	37.31672777777778
4127351000	경기도	안산시단원구	와동	57	122	126	49	39.35	37	20	19.01	126.82759722222222	37.338613888888894
4127352500	경기도	안산시단원구	고잔동	57	122	126	49	8.637600	37	19	37.736399	126.819066	37.327149
4127353200	경기도	안산시단원구	중앙동	57	121	126	50	15.435599	37	19	25.42799	126.837621	37.323730
4127353500	경기도	안산시단원구	호수동	57	121	126	49	35.76	37	18	27.14	126.8266	37.307538888888885
4127354500	경기도	안산시단원구	원곡동	57	122	126	47	26.764799	37	19	59.9818799	126.790768	37.333283
4127355500	경기도	안산시단원구	백운동	57	122	126	48	6.332400	37	19	53.702399	126.801759	37.331584
4127356500	경기도	안산시단원구	신길동	57	122	126	47	10.013999	37	19	49.033199	126.786115	37.330287
4127357000	경기도	안산시단원구	초지동	57	121	126	48	38.4	37	19	19.1	126.81066666666666	37.32197222222223
4127358000	경기도	안산시단원구	선부1동	57	122	126	48	23.0	37	19	53.07	126.80638888888889	37.331408333333336
4127359000	경기도	안산시단원구	선부2동	57	122	126	48	17.0	37	20	8.67	126.80472222222222	37.33574166666667
4127360000	경기도	안산시단원구	선부3동	57	122	126	48	52.64	37	20	31.89	126.81462222222223	37.34219166666667
4127361000	경기도	안산시단원구	대부동	53	120	126	35	14.23	37	14	27.17	126.58728611111111	37.240880555555556
4128100000	경기도	고양시덕양구	nil	57	128	126	50	3.11	37	38	4.5	126.83419722222222	37.63458333333333
4128151000	경기도	고양시덕양구	주교동	57	129	126	49	54.2	37	39	24.04	126.83172222222221	37.65667777777777
4128152000	경기도	고양시덕양구	원신동	58	129	126	52	41.11	37	40	29.01	126.8780861111111	37.674724999999995
4128153000	경기도	고양시덕양구	흥도동	58	128	126	51	23.4	37	38	31.75	126.8565	37.642152777777774
4128154000	경기도	고양시덕양구	성사1동	57	129	126	50	36.55	37	39	6.08	126.8434861111111	37.651688888888884
4128155000	경기도	고양시덕양구	성사2동	57	128	126	50	6.2	37	39	0.5	126.83505555555556	37.65013888888889
4128156000	경기도	고양시덕양구	효자동	59	128	126	55	21.64	37	38	56.48	126.92267777777778	37.64902222222222
4128157500	경기도	고양시덕양구	삼송동	58	128	126	53	44.79	37	38	59.29	126.895775	37.64980277777778
4128158000	경기도	고양시덕양구	창릉동	58	128	126	53	20.64	37	38	34.01	126.88906666666668	37.642780555555554
4128159000	경기도	고양시덕양구	고양동	59	130	126	54	21.4	37	42	1.97	126.90594444444444	37.70054722222223
4128160000	경기도	고양시덕양구	관산동	58	129	126	51	52.84	37	41	6.83	126.86467777777777	37.68523055555555
4128161000	경기도	고양시덕양구	능곡동	57	128	126	49	9.91	37	37	20.29	126.81941944444443	37.622302777777776
4128162100	경기도	고양시덕양구	화정1동	57	128	126	50	8.23	37	38	30.51	126.83561944444443	37.64180833333333
4128162200	경기도	고양시덕양구	화정2동	57	128	126	50	16.67	37	37	39.89	126.83796388888888	37.627747222222226
4128163000	경기도	고양시덕양구	행주동	57	128	126	49	38.84	37	36	56.14	126.82745555555555	37.61559444444445
4128164000	경기도	고양시덕양구	행신1동	57	128	126	50	16.84	37	37	10.17	126.8380111111111	37.61949166666667
4128165000	경기도	고양시덕양구	행신2동	57	128	126	50	6.44	37	36	44.29	126.83512222222221	37.61230277777778
4128165500	경기도	고양시덕양구	행신3동	57	128	126	50	27.32	37	37	25.51	126.84092222222222	37.62375277777778
4128166000	경기도	고양시덕양구	화전동	58	127	126	52	29.03	37	35	50.23	126.87473055555554	37.59728611111111
4128167000	경기도	고양시덕양구	대덕동	58	127	126	52	38.71	37	34	57.58	126.87741944444444	37.582661111111115
4128500000	경기도	고양시일산동구	nil	56	129	126	46	37.4	37	39	21.27	126.77705555555555	37.65590833333333
4128551000	경기도	고양시일산동구	식사동	57	129	126	48	43.55	37	40	16.29	126.81209722222222	37.671191666666665
4128552000	경기도	고양시일산동구	중산동	56	129	126	47	0.15	37	41	28.27	126.78337499999999	37.69118611111111
4128553000	경기도	고양시일산동구	정발산동	56	129	126	46	55.03	37	40	10.79	126.78195277777778	37.669663888888884
4128554000	경기도	고양시일산동구	풍산동	57	129	126	48	7.2	37	39	40.58	126.80199999999999	37.66127222222222
4128555100	경기도	고양시일산동구	백석1동	57	128	126	47	40.47	37	38	48.75	126.794575	37.646875
4128555200	경기도	고양시일산동구	백석2동	57	128	126	47	19.88	37	38	24.51	126.78885555555556	37.640141666666665
4128556000	경기도	고양시일산동구	마두1동	57	129	126	47	30.71	37	39	10.92	126.79186388888888	37.65303333333333
4128557000	경기도	고양시일산동구	마두2동	56	128	126	47	11.64	37	39	2.89	126.78656666666666	37.65080277777778
4128558000	경기도	고양시일산동구	장항1동	56	128	126	46	21.23	37	38	19.76	126.77256388888888	37.638822222222224
4128559000	경기도	고양시일산동구	장항2동	56	128	126	46	49.44	37	38	49.54	126.7804	37.64709444444444
4128560000	경기도	고양시일산동구	고봉동	57	130	126	49	45.52	37	41	56.79	126.82931111111111	37.69910833333333
4128700000	경기도	고양시일산서구	nil	56	129	126	45	10.0	37	40	20.95	126.75277777777778	37.672486111111105
4128751000	경기도	고양시일산서구	일산1동	56	129	126	46	14.4	37	41	3.66	126.77066666666667	37.684349999999995
4128752000	경기도	고양시일산서구	일산2동	56	129	126	46	45.67	37	40	54.47	126.77935277777777	37.68179722222222
4128753000	경기도	고양시일산서구	일산3동	56	129	126	46	20.44	37	40	27.07	126.77234444444444	37.67418611111111
4128754000	경기도	고양시일산서구	탄현동	56	129	126	46	14.15	37	41	29.47	126.77059722222222	37.69151944444444
4128755000	경기도	고양시일산서구	주엽1동	56	129	126	45	55.59	37	40	2.39	126.76544166666666	37.66733055555555
4128756000	경기도	고양시일산서구	주엽2동	56	129	126	45	44.88	37	40	16.6	126.76246666666667	37.671277777777775
4128757000	경기도	고양시일산서구	대화동	56	129	126	45	26.0	37	40	48.55	126.75722222222223	37.68015277777778
4128758000	경기도	고양시일산서구	송포동	56	129	126	44	15.4	37	40	7.32	126.73761111111111	37.6687
4128759000	경기도	고양시일산서구	송산동	56	129	126	45	23.15	37	41	17.27	126.75643055555555	37.68813055555555
4129000000	경기도	과천시	nil	60	124	126	59	23.28	37	25	34.94	126.9898	37.42637222222222
4129051000	경기도	과천시	중앙동	60	124	126	59	41.28	37	25	59.83	126.9948	37.43328611111111
4129052000	경기도	과천시	갈현동	60	123	126	59	28.32	37	24	59.45	126.9912	37.416513888888886
4129053000	경기도	과천시	별양동	60	124	126	59	45.2	37	25	17.17	126.99588888888889	37.421436111111106
4129054000	경기도	과천시	부림동	60	124	127	0	2.4	37	25	50.51	127.00066666666666	37.43069722222222
4129055000	경기도	과천시	과천동	60	124	126	59	51.11	37	26	44.01	126.99753055555556	37.44555833333333
4129056000	경기도	과천시	문원동	60	124	127	0	16.44	37	25	38.26	127.00456666666666	37.42729444444444
4131000000	경기도	구리시	nil	62	127	127	7	54.71	37	35	29.85	127.13186388888889	37.591625
4131051000	경기도	구리시	갈매동	62	128	127	7	6.15	37	37	56.22	127.118375	37.63228333333333
4131052000	경기도	구리시	동구동	63	128	127	8	29.4	37	36	32.38	127.14150000000001	37.60899444444445
4131053000	경기도	구리시	인창동	63	128	127	8	13.59	37	36	6.17	127.13710833333334	37.60171388888889
4131054100	경기도	구리시	교문1동	62	127	127	7	47.59	37	35	54.33	127.1298861111111	37.598425
4131054200	경기도	구리시	교문2동	63	127	127	8	10.96	37	35	3.2	127.13637777777778	37.58422222222222
4131057000	경기도	구리시	수택1동	63	127	127	9	4.64	37	35	37.32	127.1512888888889	37.593700000000005
4131058000	경기도	구리시	수택2동	63	127	127	8	31.76	37	35	25.51	127.14215555555556	37.59041944444445
4131059000	경기도	구리시	수택3동	63	127	127	8	35.11	37	35	20.51	127.14308611111112	37.58903055555556
4136000000	경기도	남양주시	nil	64	128	127	13	7.08	37	37	59.44	127.21863333333333	37.63317777777778
4136025000	경기도	남양주시	와부읍	64	127	127	12	47.91	37	35	6.01	127.21330833333333	37.58500277777778
4136025300	경기도	남양주시	진접읍	63	130	127	11	31.08	37	43	25.01	127.19196666666667	37.72361388888889
4136025600	경기도	남양주시	화도읍	65	129	127	18	39.0	37	38	58.63	127.31083333333333	37.64961944444445
4136025900	경기도	남양주시	진건읍	63	129	127	10	53.59	37	39	14.92	127.18155277777778	37.65414444444444
4136026200	경기도	남양주시	오남읍	64	130	127	12	24.0	37	41	46.23	127.20666666666666	37.696175
4136031000	경기도	남양주시	별내면	62	129	127	7	13.96	37	39	41.07	127.12054444444443	37.661408333333334
4136034000	경기도	남양주시	수동면	66	130	127	19	41.64	37	42	2.82	127.32823333333333	37.700783333333334
4136036000	경기도	남양주시	조안면	65	126	127	18	19.96	37	31	59.04	127.30554444444444	37.53306666666666
4136051000	경기도	남양주시	호평동	64	129	127	15	4.08	37	39	6.29	127.25113333333333	37.65174722222222
4136052000	경기도	남양주시	평내동	64	128	127	14	17.44	37	38	44.51	127.23817777777778	37.645697222222225
4136053000	경기도	남양주시	금곡동	64	128	127	12	28.4	37	37	45.42	127.20788888888889	37.62928333333333
4136054000	경기도	남양주시	양정동	63	128	127	11	21.4	37	36	48.7	127.18927777777778	37.613527777777776
4136054500	경기도	남양주시	다산1동	63	128	127	9	39.76	37	36	15.95	127.16104444444446	37.60443055555556
4136056500	경기도	남양주시	다산2동	63	128	127	10	14.15	37	36	23.75	127.17059722222223	37.60659722222223
4136057000	경기도	남양주시	별내동	62	128	127	7	18.72	37	38	46.18	127.121868	37.646161
4136026500	경기도	남양주시	퇴계원읍	63	128	127	8	48.2	37	38	47.7	127.14672222222222	37.64658333333333
4137000000	경기도	오산시	nil	62	118	127	4	46.71	37	8	48.89	127.07964166666666	37.14691388888889
4137051000	경기도	오산시	중앙동	62	118	127	4	21.52	37	8	46.98	127.07264444444444	37.14638333333333
4137053000	경기도	오산시	남촌동	61	118	127	3	55.91	37	9	6.3	127.06553055555555	37.15175
4137054000	경기도	오산시	신장동	61	118	127	3	57.67	37	9	25.98	127.06601944444444	37.15721666666666
4137055000	경기도	오산시	세마동	61	118	127	2	25.67	37	11	1.94	127.0404638888889	37.18387222222222
4137056000	경기도	오산시	초평동	61	117	127	2	33.84	37	8	13.23	127.04273333333333	37.137008333333334
4137057000	경기도	오산시	대원동	62	117	127	4	25.67	37	8	8.69	127.07379722222223	37.13574722222222
4139000000	경기도	시흥시	nil	57	123	126	48	18.28	37	22	38.35	126.80507777777777	37.377319444444446
4139051000	경기도	시흥시	대야동	57	124	126	47	26.15	37	26	24.85	126.79059722222222	37.440236111111105
4139052000	경기도	시흥시	신천동	57	124	126	47	13.67	37	26	8.08	126.78713055555555	37.43557777777777
4139053100	경기도	시흥시	신현동	57	123	126	47	12.2	37	24	12.07	126.78672222222222	37.403352777777776
4139054000	경기도	시흥시	은행동	57	124	126	48	0.28	37	26	0.61	126.80007777777777	37.433502777777775
4139055000	경기도	시흥시	매화동	57	123	126	49	3.64	37	24	53.48	126.81767777777777	37.414855555555555
4139057000	경기도	시흥시	목감동	58	123	126	51	33.91	37	22	54.2	126.85941944444444	37.38172222222222
4139058100	경기도	시흥시	군자동	57	122	126	47	13.76	37	20	13.55	126.78715555555556	37.337097222222226
4139058200	경기도	시흥시	월곶동	56	123	126	44	23.26	37	23	18.9	126.7397944	37.38858333
4139058900	경기도	시흥시	정왕본동	56	122	126	45	0.88	37	20	33.0	126.75024444444445	37.3425
4139059100	경기도	시흥시	정왕1동	56	122	126	44	45.52	37	20	13.86	126.74597777777778	37.337183333333336
4139059200	경기도	시흥시	정왕2동	56	122	126	43	51.32	37	20	53.47	126.73092222222222	37.34818611111111
4139059300	경기도	시흥시	정왕3동	56	122	126	43	42.2	37	21	17.73	126.72838888888889	37.354925
4139059400	경기도	시흥시	정왕4동	56	122	126	44	4.03	37	21	45.92	126.73445277777778	37.36275555555556
4139059500	경기도	시흥시	배곧동	56	122	126	43	51.20	37	22	6.09	126.730890	37.368358
4139062100	경기도	시흥시	과림동	57	124	126	50	5.84	37	26	2.42	126.83495555555555	37.43400555555555
4139063000	경기도	시흥시	연성동	57	123	126	48	20.0	37	22	43.77	126.80555555555556	37.378825
4139063100	경기도	시흥시	장곡동	57	123	126	47	0.02	37	22	46.43	126.7833389	37.37956389
4139064000	경기도	시흥시	능곡동	57	122	126	48	57.04	37	21	58.75	126.8158456	37.36631832
4141000000	경기도	군포시	nil	59	122	126	56	15.0	37	21	31.17	126.9375	37.35865833333334
4141051000	경기도	군포시	군포1동	59	122	126	56	51.28	37	21	2.92	126.94757777777778	37.35081111111111
4141052000	경기도	군포시	군포2동	59	122	126	56	42.55	37	20	36.98	126.94515277777778	37.343605555555555
4141054000	경기도	군포시	산본1동	59	122	126	56	26.23	37	22	13.92	126.94061944444445	37.370533333333334
4141055000	경기도	군포시	산본2동	59	122	126	56	5.32	37	22	1.91	126.93481111111112	37.367197222222224
4141056000	경기도	군포시	금정동	59	122	126	56	28.96	37	21	45.2	126.94137777777779	37.36255555555556
4141057000	경기도	군포시	재궁동	59	122	126	56	28.23	37	21	20.51	126.941175	37.355697222222226
4141058000	경기도	군포시	오금동	59	122	126	55	53.91	37	20	53.57	126.93164166666668	37.34821388888889
4141059000	경기도	군포시	수리동	59	122	126	55	23.28	37	21	11.57	126.92313333333334	37.35321388888889
4141060000	경기도	군포시	궁내동	59	122	126	55	26.03	37	21	24.51	126.92389722222222	37.35680833333333
4141061000	경기도	군포시	대야동	59	122	126	55	2.84	37	19	38.79	126.91745555555556	37.32744166666667
4141062000	경기도	군포시	광정동	59	122	126	55	48.11	37	21	33.26	126.93003055555556	37.35923888888889
4143000000	경기도	의왕시	nil	60	122	126	58	13.4	37	20	31.02	126.97038888888889	37.341950000000004
4143051000	경기도	의왕시	고천동	60	122	126	58	40.71	37	20	42.25	126.977975	37.34506944444445
4143052000	경기도	의왕시	부곡동	60	121	126	57	32.08	37	18	57.17	126.95891111111112	37.31588055555555
4143053000	경기도	의왕시	오전동	60	122	126	58	25.11	37	21	2.5	126.97364166666667	37.35069444444444
4143054000	경기도	의왕시	내손1동	60	123	126	58	38.4	37	23	2.14	126.97733333333333	37.38392777777778
4143055000	경기도	의왕시	내손2동	60	123	126	58	59.2	37	23	2.2	126.98311111111111	37.383944444444445
4143056000	경기도	의왕시	청계동	60	123	126	59	53.0	37	23	8.73	126.99805555555555	37.385758333333335
4145000000	경기도	하남시	nil	64	126	127	13	1.2	37	32	11.39	127.217	37.53649722222222
4145051000	경기도	하남시	천현동	64	126	127	13	34.28	37	30	59.23	127.22618888888888	37.51645277777778
4145052000	경기도	하남시	신장1동	64	126	127	12	42.2	37	32	9.42	127.21172222222222	37.53595
4145053000	경기도	하남시	신장2동	64	126	127	12	58.08	37	32	20.1	127.21613333333333	37.538916666666665
4145054000	경기도	하남시	덕풍1동	64	126	127	12	9.71	37	31	50.6	127.20269722222223	37.530722222222224
4145055000	경기도	하남시	덕풍2동	64	126	127	12	0.91	37	32	22.11	127.20025277777778	37.539474999999996
4145056000	경기도	하남시	덕풍3동	64	126	127	12	31.91	37	32	27.76	127.20886388888889	37.541044444444445
4145057000	경기도	하남시	풍산동	63	126	127	11	13.96	37	32	46.36	127.18721111111111	37.54621111111111
4145058000	경기도	하남시	감북동	63	126	127	9	49.96	37	30	48.35	127.16387777777778	37.51343055555556
4145058500	경기도	하남시	위례동	63	125	127	9	9	37	28	37.79	127.152502	37.4771641
4145059000	경기도	하남시	춘궁동	64	126	127	11	46.32	37	31	9.86	127.1962	37.51940555555556
4145060000	경기도	하남시	초이동	63	126	127	10	22.47	37	32	1.39	127.17290833333334	37.53371944444444
4145061000	경기도	하남시	미사1동	64	127	127	11	45.84	37	33	58.88	127.1960667	37.56635556
4145062000	경기도	하남시	미사2동	63	127	127	11	9.29	37	34	1.36	127.1859139	37.56704444
4146100000	경기도	용인시처인구	nil	64	119	127	12	13.84	37	13	53.32	127.20384444444444	37.231477777777776
4146125000	경기도	용인시처인구	포곡읍	64	120	127	13	58.59	37	16	30.22	127.23294166666666	37.27506111111111
4146125300	경기도	용인시처인구	모현읍	64	122	127	14	40.55	37	19	35.94	127.24459722222223	37.32665
4146125600	경기도	용인시처인구	이동읍	64	117	127	11	53.88	37	8	17.51	127.1983	37.138197222222225
4146132000	경기도	용인시처인구	남사면	63	117	127	9	9.71	37	6	46.39	127.15269722222223	37.11288611111111
4146134000	경기도	용인시처인구	원삼면	66	118	127	18	54.44	37	9	48.67	127.31512222222221	37.16351944444445
4146135000	경기도	용인시처인구	백암면	67	118	127	22	39.2	37	9	37.85	127.37755555555555	37.160513888888886
4146136000	경기도	용인시처인구	양지면	65	120	127	16	55.03	37	13	57.58	127.28195277777778	37.23266111111111
4146151000	경기도	용인시처인구	중앙동	64	119	127	12	26.79	37	13	52.52	127.20744166666667	37.231255555555556
4146152000	경기도	용인시처인구	역삼동	64	119	127	11	22.08	37	13	52.51	127.18946666666668	37.23125277777778
4146153000	경기도	용인시처인구	유림동	64	120	127	12	49.76	37	14	58.73	127.21382222222222	37.24964722222222
4146154000	경기도	용인시처인구	동부동	64	119	127	13	17.28	37	13	48.1	127.22146666666667	37.23002777777778
4146300000	경기도	용인시기흥구	nil	62	120	127	7	0.44	37	16	39.35	127.11678888888888	37.27759722222222
4146351000	경기도	용인시기흥구	신갈동	62	120	127	6	32.47	37	16	11.0	127.10901944444444	37.26972222222222
4146352000	경기도	용인시기흥구	구갈동	63	120	127	7	45.96	37	16	11.94	127.12943333333332	37.269983333333336
4146353000	경기도	용인시기흥구	상갈동	62	120	127	6	26.59	37	15	32.17	127.10738611111111	37.25893611111111
4146354000	경기도	용인시기흥구	기흥동	62	120	127	6	17.79	37	14	25.04	127.10494166666666	37.24028888888889
4146355000	경기도	용인시기흥구	서농동	62	120	127	4	32.52	37	14	38.42	127.0757	37.24400555555555
4146356000	경기도	용인시기흥구	구성동	62	121	127	7	16.03	37	17	38.32	127.12111944444443	37.293977777777776
4146357000	경기도	용인시기흥구	마북동	62	121	127	7	32.0	37	18	4.07	127.12555555555555	37.30113055555555
4146358600	경기도	용인시기흥구	상하동	63	120	127	8	35.2	37	16	17.67	127.14311111111111	37.271575
4146359000	경기도	용인시기흥구	보정동	62	121	127	6	59.44	37	19	0.26	127.11651111111111	37.31673888888889
4146500000	경기도	용인시수지구	nil	62	121	127	6	0.35	37	19	9.79	127.10009722222222	37.319386111111115
4146551000	경기도	용인시수지구	풍덕천1동	62	121	127	5	49.76	37	19	30.44	127.09715555555555	37.32512222222223
4146552000	경기도	용인시수지구	풍덕천2동	62	121	127	5	27.23	37	18	59.69	127.09089722222221	37.316580555555554
4146553000	경기도	용인시수지구	신봉동	62	121	127	4	31.67	37	19	20.57	127.07546388888889	37.32238055555556
4146554000	경기도	용인시수지구	죽전1동	62	122	127	6	57.32	37	19	41.5	127.11592222222221	37.32819444444445
4146555000	경기도	용인시수지구	죽전2동	62	122	127	6	41.84	37	19	55.35	127.11162222222222	37.33204166666667
4146556000	경기도	용인시수지구	동천동	62	122	127	6	4.15	37	20	19.94	127.10115277777777	37.33887222222222
4146557000	경기도	용인시수지구	상현1동	62	121	127	4	59.91	37	18	6.6	127.08330833333333	37.30183333333333
4146558000	경기도	용인시수지구	상현2동	62	121	127	5	17.11	37	18	23.88	127.08808611111111	37.30663333333333
4146559000	경기도	용인시수지구	성복동	62	121	127	4	59.64	37	18	37.19	127.08323333333333	37.31033055555555
4148000000	경기도	파주시	nil	56	131	126	46	55.03	37	45	25.5	126.78195277777778	37.757083333333334
4148025000	경기도	파주시	문산읍	56	133	126	47	10.32	37	51	0.82	126.7862	37.85022777777778
4148025300	경기도	파주시	파주읍	57	132	126	49	7.03	37	49	48.85	126.81861944444444	37.83023611111111
4148025600	경기도	파주시	법원읍	58	133	126	53	4.47	37	50	46.91	126.88457500000001	37.84636388888889
4148026200	경기도	파주시	조리읍	57	130	126	48	25.44	37	44	31.36	126.80706666666666	37.742044444444446
4148031000	경기도	파주시	월롱면	57	132	126	47	32.47	37	47	35.76	126.79235277777778	37.79326666666667
4148032000	경기도	파주시	탄현면	55	132	126	43	5.84	37	47	58.98	126.71828888888889	37.79971666666666
4148035000	경기도	파주시	광탄면	58	131	126	51	11.91	37	46	23.64	126.85330833333333	37.77323333333333
4148036000	경기도	파주시	파평면	57	134	126	50	24.47	37	55	9.3	126.84013055555555	37.91925
4148037000	경기도	파주시	적성면	59	135	126	55	11.47	37	57	6.17	126.91985277777778	37.95171388888889
4148038000	경기도	파주시	군내면	56	134	126	43	59.28	37	54	7.14	126.73313333333334	37.901983333333334
4148039000	경기도	파주시	장단면	55	133	126	42	38.71	37	52	17.7	126.71075277777778	37.871583333333334
4148040000	경기도	파주시	진동면	57	135	126	48	9.4	37	56	18.29	126.8026111111111	37.93841388888889
4148041000	경기도	파주시	진서면	55	135	126	42	35.0	37	57	42.89	126.70972222222223	37.961913888888894
4148051000	경기도	파주시	금촌1동	56	131	126	46	41.47	37	45	48.66	126.77818611111111	37.76351666666667
4148052000	경기도	파주시	금촌2동	56	131	126	46	46.11	37	44	55.82	126.779475	37.74883888888889
4148053000	경기도	파주시	금촌3동	56	131	126	46	42.13	37	46	17.22	126.778369	37.77145077
4148054000	경기도	파주시	교하동	56	131	126	44	48.88	37	45	10.89	126.7469108	37.7530243
4148055000	경기도	파주시	운정1동	56	130	126	45	4.54	37	43	27.05	126.7512624	37.72418055
4148056000	경기도	파주시	운정2동	56	130	0	0	0.0	0	0	0.0	126.7515577	37.723969
4148057000	경기도	파주시	운정3동	56	130	0	0	0.0	0	0	0.0	126.7512633	37.7241871
4150000000	경기도	이천시	nil	68	121	127	26	35.59	37	16	31.57	127.44321944444445	37.27543611111111
4150025000	경기도	이천시	장호원읍	71	117	127	37	8.23	37	6	43.41	127.61895277777776	37.11205833333334
4150025300	경기도	이천시	부발읍	69	121	127	29	20.0	37	16	51.0	127.4888888888889	37.280833333333334
4150031000	경기도	이천시	신둔면	67	121	127	24	22.23	37	18	12.45	127.406175	37.30345833333333
4150032000	경기도	이천시	백사면	69	122	127	29	34.47	37	20	10.29	127.49290833333333	37.33619166666667
4150033000	경기도	이천시	호법면	68	119	127	25	37.28	37	13	13.16	127.42702222222222	37.22032222222222
4150034000	경기도	이천시	마장면	66	120	127	21	36.84	37	14	46.0	127.36023333333333	37.24611111111111
4150035000	경기도	이천시	대월면	69	119	127	29	40.2	37	13	37.35	127.4945	37.22704166666667
4150036000	경기도	이천시	모가면	69	118	127	28	56.23	37	10	7.89	127.48228611111111	37.16885833333333
4150037000	경기도	이천시	설성면	69	117	127	31	26.44	37	7	46.79	127.52401111111111	37.12966388888889
4150038000	경기도	이천시	율면	70	117	127	32	54.76	37	5	29.14	127.54854444444445	37.09142777777778
4150051000	경기도	이천시	창전동	68	121	127	26	35.67	37	16	48.23	127.44324166666667	37.28006388888889
4150051500	경기도	이천시	증포동	68	121	127	27	17.11	37	17	15.14	127.45475277777778	37.28753888888889
4150052000	경기도	이천시	중리동	68	121	127	26	38.76	37	16	31.39	127.4441	37.27538611111111
4150053000	경기도	이천시	관고동	68	121	127	26	33.84	37	16	47.27	127.44273333333334	37.27979722222222
4155000000	경기도	안성시	nil	65	115	127	16	54.64	37	0	18.63	127.28184444444445	37.005175
4155025000	경기도	안성시	공도읍	63	114	127	10	26.0	36	59	45.14	127.1738888888889	36.995872222222225
4155031000	경기도	안성시	보개면	65	115	127	17	35.11	37	1	12.92	127.29308611111111	37.02025555555556
4155032000	경기도	안성시	금광면	66	114	127	19	11.11	36	59	39.45	127.31975277777778	36.99429166666667
4155033000	경기도	안성시	서운면	65	113	127	15	41.0	36	56	24.72	127.26138888888889	36.9402
4155034000	경기도	안성시	미양면	64	114	127	13	2.67	36	58	20.7	127.21740833333334	36.97241666666667
4155035000	경기도	안성시	대덕면	64	115	127	14	23.91	37	0	34.39	127.239975	37.00955277777778
4155036000	경기도	안성시	양성면	64	116	127	11	48.03	37	3	25.11	127.196675	37.056974999999994
4155038000	경기도	안성시	원곡면	63	115	127	7	53.91	37	2	12.77	127.13164166666667	37.036880555555555
4155039000	경기도	안성시	일죽면	69	116	127	28	45.35	37	5	15.57	127.4792638888889	37.08765833333334
4155040000	경기도	안성시	죽산면	68	116	127	25	28.23	37	4	32.54	127.42450833333334	37.07570555555556
4155041000	경기도	안성시	삼죽면	67	116	127	22	37.03	37	4	12.61	127.37695277777777	37.070169444444446
4155042000	경기도	안성시	고삼면	65	116	127	15	55.67	37	4	47.54	127.26546388888889	37.07987222222223
4155051000	경기도	안성시	안성1동	65	115	127	16	35.03	37	0	10.16	127.27639722222222	37.00282222222222
4155052000	경기도	안성시	안성2동	65	114	127	16	19.91	36	59	51.86	127.27219722222222	36.99773888888889
4155053000	경기도	안성시	안성3동	65	115	127	15	35.55	37	0	40.7	127.259875	37.01130555555556
4157000000	경기도	김포시	nil	55	128	126	43	4.0	37	36	44.85	126.71777777777778	37.612458333333336
4157025000	경기도	김포시	통진읍	53	129	126	35	57.76	37	41	20.22	126.59937777777778	37.68895
4157025300	경기도	김포시	고촌읍	56	127	0	0	0.0	0	0	0.0	126.772777	37.603868
4157025600	경기도	김포시	양촌읍	54	129	126	37	31.3284	37	39	26.8704	126.625369	37.657464
4157034000	경기도	김포시	대곶면	53	128	126	35	2.15	37	38	46.92	126.58393055555555	37.646366666666665
4157035000	경기도	김포시	월곶면	53	130	126	33	16.84	37	42	51.35	126.55467777777777	37.714263888888894
4157036000	경기도	김포시	하성면	54	130	126	38	0.03	37	43	2.54	126.63334166666667	37.717372222222224
4157051500	경기도	김포시	김포본동	55	128	126	42	27.88	37	37	28.7	126.7077444444444	37.62463888888889
4157052500	경기도	김포시	장기본동	55	128	126	40	26.2	37	38	58.73	126.6739444444444	37.64964722222222
4157054000	경기도	김포시	사우동	55	128	126	43	8.88	37	36	59.54	126.71913333333333	37.61653888888889
4157055000	경기도	김포시	풍무동	55	127	126	43	33.28	37	36	7.29	126.72591111111112	37.602025000000005
4157056000	경기도	김포시	장기동	55	128	126	40	16.82	37	38	23.03	126.6713378	37.63973003
4157057000	경기도	김포시	구래동	54	128	126	37	25.38	37	38	47.26	126.6237155	37.64646146
4157057500	경기도	김포시	마산동	54	128	126	38	37.7627999999913	37	38	28.5539999999895	126.643823	37.641265
4157058000	경기도	김포시	운양동	55	129	126	41	1.35	37	39	5.98	126.6837083	37.65166111
4159000000	경기도	화성시	nil	57	119	126	50	0.71	37	11	48.54	126.83353055555555	37.19681666666666
4159025300	경기도	화성시	봉담읍	59	119	126	57	8.4	37	13	2.42	126.95233333333334	37.21733888888889
4159025600	경기도	화성시	우정읍	57	116	126	49	2.52	37	5	13.1	126.81736666666666	37.08697222222222
4159025900	경기도	화성시	향남읍	59	117	126	55	20.79	37	7	46.35	126.92244166666667	37.12954166666667
4159026200	경기도	화성시	남양읍	57	119	126	49	25.8	37	12	42.65	126.8238333	37.21184722
4159031000	경기도	화성시	매송면	59	120	126	54	40.59	37	14	58.01	126.911275	37.24944722222222
4159032000	경기도	화성시	비봉면	58	119	126	52	32.96	37	13	56.52	126.87582222222221	37.23236666666667
4159033000	경기도	화성시	마도면	56	119	126	46	18.64	37	12	10.48	126.77184444444444	37.20291111111111
4159034000	경기도	화성시	송산면	56	119	126	44	28.59	37	12	54.38	126.741275	37.21510555555556
4159035000	경기도	화성시	서신면	55	118	126	42	39.0	37	9	49.16	126.71083333333334	37.16365555555556
4159036000	경기도	화성시	팔탄면	59	118	126	54	19.79	37	9	30.16	126.90549722222222	37.15837777777778
4159037000	경기도	화성시	장안면	57	116	126	50	0.23	37	4	37.23	126.83339722222222	37.07700833333334
4159040000	경기도	화성시	양감면	59	116	126	56	47.59	37	4	42.47	126.94655277777778	37.07846388888889
4159041000	경기도	화성시	정남면	60	118	126	59	6.11	37	9	56.14	126.98503055555555	37.165594444444444
4159051500	경기도	화성시	새솔동	57	121	126	48	44.0964	37	17	23.928	126.812249	37.289980
4159052000	경기도	화성시	진안동	61	119	127	2	28.4	37	12	36.79	127.04122222222222	37.21021944444445
4159053000	경기도	화성시	병점1동	61	119	127	2	19.52	37	12	12.92	127.03875555555555	37.203588888888895
4159054000	경기도	화성시	병점2동	61	119	127	2	42.64	37	12	31.45	127.04517777777778	37.208736111111115
4159055000	경기도	화성시	반월동	61	119	127	3	49.0	37	13	54.51	127.06361111111111	37.23180833333333
4159056000	경기도	화성시	기배동	60	119	126	59	10.71	37	13	16.26	126.98630833333334	37.221183333333336
4159057000	경기도	화성시	화산동	61	119	127	0	59.2	37	12	9.35	127.01644444444445	37.202597222222224
4159058500	경기도	화성시	동탄1동	62	119	127	4	26.15	37	12	13.29	127.07393055555555	37.20369166666667
4159058600	경기도	화성시	동탄2동	62	119	127	4	27.11	37	11	39.13	127.07419722222222	37.194202777777775
4159058700	경기도	화성시	동탄3동	61	119	0	0	0.0	0	0	0.0	127.05871	37.2099706
4159058800	경기도	화성시	동탄4동	62	119	127	6	18.81	37	12	36.49	127.105225	37.21013611
4159059000	경기도	화성시	동탄5동	62	119	127	6	41.67	37	12	22.6152	127.111575	37.206282
4159060000	경기도	화성시	동탄6동	62	118	127	5	18.67	37	11	5.23	127.08851944444444	37.1847861111111
4159061000	경기도	화성시	동탄7동	62	118	127	6	37.818	37	10	15.9563999	127.110505	37.171099
4159062000	경기도	화성시	동탄8동	62	118	127	5	56.2052400000141	37	9	48.3778800000101	127.0989459	37.1634383
4161000000	경기도	광주시	nil	65	123	127	15	28.03	37	24	52.22	127.25778611111112	37.41450555555556
4161025000	경기도	광주시	오포읍	64	122	127	13	50.76	37	21	48.26	127.23076666666667	37.36340555555556
4161025300	경기도	광주시	초월읍	65	123	127	17	27.0	37	22	57.89	127.29083333333332	37.38274722222222
4161025900	경기도	광주시	곤지암읍	66	122	127	20	46.32	37	20	45.33	127.3462	37.345925
4161033000	경기도	광주시	도척면	66	121	127	19	60.0	37	18	6.25	127.33333333333333	37.30173611111111
4161034000	경기도	광주시	퇴촌면	66	125	127	18	32.91	37	27	49.95	127.30914166666666	37.463875
4161035000	경기도	광주시	남종면	65	125	127	18	14.4	37	29	29.52	127.304	37.49153333333334
4161037000	경기도	광주시	남한산성면	64	124	127	14	49.28	37	27	37.79	127.24702222222223	37.46049722222222
4161051000	경기도	광주시	경안동	65	123	127	15	34.08	37	24	29.23	127.25946666666667	37.408119444444445
4161052000	경기도	광주시	송정동	65	124	127	14	54.08	37	25	0.36	127.24835555555556	37.41676666666667
4161053000	경기도	광주시	광남동	64	123	127	13	55.59	37	23	11.82	127.23210833333333	37.38661666666667
4163000000	경기도	양주시	nil	61	131	127	2	52.15	37	46	56.82	127.04781944444444	37.78245
4163025000	경기도	양주시	백석읍	60	132	126	59	15.91	37	47	32.11	126.98775277777779	37.792252777777776
4163031000	경기도	양주시	은현면	61	133	127	1	35.91	37	52	20.01	127.02664166666666	37.872225
4163032000	경기도	양주시	남면	60	134	126	58	43.84	37	53	43.42	126.97884444444445	37.89539444444444
4163033000	경기도	양주시	광적면	60	132	126	59	9.0	37	49	19.07	126.98583333333333	37.821963888888895
4163034000	경기도	양주시	장흥면	59	130	126	56	35.76	37	42	54.35	126.94326666666667	37.71509722222223
4163051000	경기도	양주시	양주1동	61	131	127	2	46.15	37	46	14.32	127.04615277777778	37.77064444444444
4163052000	경기도	양주시	양주2동	62	132	127	5	56.0	37	48	12.58	127.09888888888888	37.80349444444444
4163053000	경기도	양주시	회천1동	61	133	127	4	5.67	37	50	28.91	127.06824166666667	37.84136388888889
4163054000	경기도	양주시	회천2동	61	132	127	2	59.64	37	49	10.83	127.0499	37.819675000000004
4163055000	경기도	양주시	회천3동	61	133	127	4	15.28	37	50	5.64	127.0709111111111	37.834900000000005
4163056000	경기도	양주시	회천4동	62	132	127	5	33.03	37	49	48.51	127.09250833333333	37.83014166666667
4165000000	경기도	포천시	nil	64	134	127	12	8.71	37	53	31.76	127.20241944444444	37.892155555555554
4165025000	경기도	포천시	소흘읍	63	132	127	8	26.55	37	49	14.36	127.14070833333334	37.82065555555556
4165031000	경기도	포천시	군내면	64	134	127	13	10.55	37	53	10.45	127.21959722222222	37.88623611111111
4165032000	경기도	포천시	내촌면	64	131	127	13	50.52	37	47	0.42	127.2307	37.783449999999995
4165033000	경기도	포천시	가산면	63	133	127	11	18.35	37	50	44.76	127.18843055555556	37.84576666666667
4165034000	경기도	포천시	신북면	64	135	127	13	43.08	37	55	52.14	127.22863333333333	37.931149999999995
4165035000	경기도	포천시	창수면	63	136	127	11	28.4	37	59	20.32	127.19122222222222	37.98897777777778
4165036000	경기도	포천시	영중면	64	136	127	14	44.44	37	59	59.19	127.24567777777777	37.999775
4165037000	경기도	포천시	일동면	66	135	127	19	9.64	37	57	30.85	127.31934444444444	37.95856944444445
4165038000	경기도	포천시	이동면	66	137	127	22	9.64	38	1	40.57	127.36934444444444	38.02793611111111
4165039000	경기도	포천시	영북면	65	138	127	16	39.59	38	5	10.89	127.27766388888888	38.08635833333334
4165040000	경기도	포천시	관인면	64	140	127	15	11.71	38	9	17.92	127.25325277777777	38.15497777777777
4165041000	경기도	포천시	화현면	65	134	127	17	24.64	37	53	54.1	127.29017777777777	37.89836111111111
4165051000	경기도	포천시	포천동	64	134	127	12	8.08	37	53	43.29	127.20224444444445	37.895358333333334
4165052000	경기도	포천시	선단동	63	133	127	9	40.79	37	51	5.07	127.16133055555557	37.85140833333333
4167000000	경기도	여주시	nil	71	121	127	38	22.64	37	17	43.29	127.639622222222	37.29535833333333
4167025000	경기도	여주시	가남읍	70	119	127	32	50.08	37	11	56.14	127.54724444444444	37.19892778
4167031000	경기도	여주시	점동면	72	119	127	39	53.03	37	12	11.57	127.66473055555556	37.20321388888889
4167032000	경기도	여주시	흥천면	70	122	127	32	37.35	37	19	48.77	127.54370833333333	37.33021388888889
4167033000	경기도	여주시	금사면	69	123	127	32	7.55	37	23	23.39	127.53543055555555	37.389830555555555
4167034000	경기도	여주시	능서면	70	121	127	34	32.47	37	17	50.48	127.57568611111111	37.297355555555555
4167035000	경기도	여주시	대신면	70	123	127	35	19.23	37	22	20.23	127.588675	37.37228611111111
4167036000	경기도	여주시	북내면	72	122	127	40	52.11	37	19	35.42	127.68114166666668	37.326505555555556
4167037000	경기도	여주시	강천면	73	120	127	42	49.2	37	16	12.25	127.71366666666667	37.270069444444445
4167038000	경기도	여주시	산북면	68	123	127	26	42.4	37	23	55.42	127.44511111111112	37.39872777777778
4167051000	경기도	여주시	여흥동	71	121	127	38	31.28	37	17	31.75	127.6420222	37.2921527
4167052000	경기도	여주시	중앙동	71	121	127	37	44.31	37	17	55.25	127.628975000000 	37.298680555556 
4167053000	경기도	여주시	오학동	71	121	127	38	39.52	37	18	35.62	127.644311111111 	37.309894444444
4180000000	경기도	연천군	nil	61	138	127	4	37.44	38	5	36.11	127.07706666666667	38.09336388888889
4180025000	경기도	연천군	연천읍	61	138	127	4	40.79	38	6	5.29	127.07799722222222	38.10146944444445
4180025300	경기도	연천군	전곡읍	61	137	127	3	55.55	38	1	31.14	127.06543055555555	38.02531666666667
4180031000	경기도	연천군	군남면	60	138	127	1	16.0	38	4	57.2	127.02111111111111	38.08255555555556
4180032000	경기도	연천군	청산면	61	136	127	4	11.28	37	58	44.89	127.0698	37.97913611111111
4180033000	경기도	연천군	백학면	59	137	126	55	9.84	38	1	39.33	126.91940000000001	38.027591666666666
4180034000	경기도	연천군	미산면	60	137	126	59	41.79	38	2	41.58	126.99494166666666	38.04488333333333
4180035000	경기도	연천군	왕징면	60	137	127	0	53.76	38	3	21.88	127.01493333333333	38.05607777777777
4180036000	경기도	연천군	신서면	62	140	127	6	32.64	38	10	48.57	127.10906666666666	38.18015833333333
4180037000	경기도	연천군	중면	60	139	127	1	16.79	38	7	59.39	127.02133055555555	38.13316388888889
4180038000	경기도	연천군	장남면	58	136	126	53	10.88	37	58	44.55	126.88635555555557	37.97904166666667
4182000000	경기도	가평군	nil	69	133	127	30	42.4	37	49	43.79	127.51177777777778	37.82883055555556
4182025000	경기도	가평군	가평읍	69	132	127	31	7.28	37	49	21.42	127.51868888888889	37.82261666666667
4182031000	경기도	가평군	설악면	69	129	127	29	48.55	37	40	24.42	127.49681944444444	37.673449999999995
4182032500	경기도	가평군	청평면	67	131	127	25	34.84	37	44	15.66	127.42634444444445	37.73768333333334
4182033000	경기도	가평군	상면	66	132	127	21	31.91	37	48	6.92	127.35886388888888	37.80192222222222
4182034500	경기도	가평군	조종면	66	132	127	21	19.44	37	48	53.35	127.35539999999999	37.81481944444444
4182035000	경기도	가평군	북면	70	134	127	33	8.64	37	52	58.42	127.55239999999999	37.882894444444446
4183000000	경기도	양평군	nil	69	125	127	29	23.59	37	29	20.17	127.48988611111112	37.48893611111111
4183025000	경기도	양평군	양평읍	69	125	127	29	45.84	37	29	2.44	127.49606666666666	37.484011111111116
4183031000	경기도	양평군	강상면	69	125	127	29	15.52	37	28	27.82	127.48764444444444	37.47439444444445
4183032000	경기도	양평군	강하면	67	125	127	24	46.03	37	29	31.76	127.41278611111112	37.492155555555556
4183033000	경기도	양평군	양서면	66	126	127	19	41.35	37	32	28.13	127.32815277777777	37.54114722222222
4183034000	경기도	양평군	옥천면	68	126	127	27	29.76	37	30	55.76	127.45826666666667	37.51548888888889
4183035000	경기도	양평군	서종면	66	128	127	21	2.91	37	36	13.63	127.35080833333333	37.60378611111111
4183036000	경기도	양평군	단월면	72	126	127	40	30.35	37	32	8.67	127.67509722222222	37.53574166666667
4183037000	경기도	양평군	청운면	72	127	127	42	46.52	37	33	12.54	127.71292222222222	37.55348333333333
4183038000	경기도	양평군	양동면	73	124	127	45	25.2	37	24	58.64	127.757	37.416288888888886
4183039500	경기도	양평군	지평면	71	125	127	38	29.2	37	28	18.0	127.64144444444445	37.47166666666667
4183040000	경기도	양평군	용문면	70	125	127	35	52.4	37	29	2.07	127.59788888888889	37.48390833333333
4183041000	경기도	양평군	개군면	70	124	127	32	20.23	37	25	23.39	127.53895277777778	37.42316388888889
4146351600	경기도	용인시기흥구	영덕1동	62	120	127	4	25.6148400000006	37	16	39.2030400000061	127.0737819	37.2775564
4146351700	경기도	용인시기흥구	영덕2동	62	120	127	5	22.6672799999903	37	16	59.5602000000071	127.0896298	37.2665445
4146353500	경기도	용인시기흥구	보라동	62	120	127	6	22.0348799999977	37	15	14.2041600000056	127.1061208	37.2539456
4146357200	경기도	용인시기흥구	동백1동	63	120	127	7	42.0913200000246	37	16	37.4620799999968	127.1283587	37.2770728
4146357500	경기도	용인시기흥구	동백2동	63	120	127	7	42.0913200000246	37	16	37.6985999999982	127.1283587	37.2771385
4146357700	경기도	용인시기흥구	동백3동	63	121	127	8	50.5885200000034	37	16	52.1774399999907	127.1473857	37.2811604
4115057800	경기도	의정부시	송산3동	62	121	127	6	41.8823999999825	37	45	19.1448000000094	127.111634	37.755318
